Params: [8.307433823005198, 0.9312403128837707, 10.856742080246061, 4.4362239025054535], Loss: 0.29409334890803823
Params: [2.581302989450629, 0.9309501467552493, 9.259146808190792, 4.081667107129215], Loss: 0.41931427290671336
Params: [5.828119524685134, 0.9475536538576252, 8.502427825755126, 4.196078357922267], Loss: 0.16582313545425714
Params: [2.49774472202728, 0.9032082545250006, 9.585884851698582, 4.7053695056138], Loss: 0.26574513073974576
Params: [5.219970355227375, 0.9446649026887765, 8.93665187125771, 4.340480739302514], Loss: 0.27372826704834075
Params: [8.355497520298117, 0.9241013233267723, 8.83826916143996, 4.422187528460187], Loss: 0.287266071670065
Params: [0.1, 0.9033599636517093, 9.31517290269352, 5.4800293841878505], Loss: 0.23509783828944444
Params: [16.017024086002518, 0.9364867614545869, 9.173713404767481, 4.696563905503404], Loss: 0.18589609762885187
Params: [0.1, 0.9442285084720856, 11.0, 5.476601632703694], Loss: 0.17820294219681826
Params: [4.329706048854227, 0.9276795308824921, 10.435947482928782, 4.272095401829973], Loss: 0.20987471849157463
Params: [4.467125912491507, 0.908530676552011, 9.141832942054894, 4.451197239654618], Loss: 0.23273671483698788
Params: [0.1, 0.9572090470227771, 8.01256491565927, 5.4863402101454914], Loss: 0.1326594516483304
Params: [13.411274478710109, 0.9045085310802388, 10.621930403600395, 4.706138140834392], Loss: 0.3412533351016633
Params: [5.476939944727709, 0.9370535271632282, 10.845622027730585, 4.179466639773025], Loss: 0.14603853894836852
Params: [3.423092433056342, 0.9227970979445649, 10.890070398406746, 4.518050091869145], Loss: 0.27052632101672675
Params: [3.621737095519145, 0.9487397837980585, 8.245176790593215, 3.983923200299801], Loss: 0.29128727710605185
Params: [5.072987494678822, 0.9316132328505621, 8.522471179498437, 4.069961762956672], Loss: 0.1665443508639189
Params: [1.3694293198933836, 0.9212099655407359, 9.560297775657778, 4.760236560349962], Loss: 0.2786457593749092
Params: [7.6647536039350035, 0.9457625582149134, 10.278451666034073, 4.358663991841582], Loss: 0.2709994560253394
Params: [5.945608134705821, 0.9005443886179931, 10.744594164059755, 4.459584119855018], Loss: 0.22205273021909175
Params: [16.15046540453152, 0.929946309706135, 8.837776574875424, 4.722812137751009], Loss: 0.11107350364353089
Params: [11.638369139459822, 0.9556485936099058, 9.557207892702143, 4.515043100865675], Loss: 0.0045647510168714805
Params: [2.988438128907166, 0.924852607962104, 9.267273646196669, 4.449641218150557], Loss: 0.2564893138775978
Params: [3.188853595323574, 0.9292496811053211, 9.565085050048385, 4.23882699723949], Loss: 0.28353307351634777
